Episode,Total Reward
1,1.1
2,1.0
3,1.4
4,0.5
5,1.0
6,0.6
7,1.3
8,1.6
9,0.6
10,1.3
11,0.7
12,0.8
13,0.6
14,1.6
15,1.1
16,0.3
17,1.4
18,0.8
19,1.4
20,1.5
21,0.5
22,0.7
23,0.4
24,1.0
25,0.8
26,0.4
27,0.7
28,0.2
29,1.0
30,0.4
31,1.1
32,1.1
33,0.3
34,0.7
35,0.8
36,1.6
37,1.3
38,1.1
39,1.2
40,0.8
41,0.5
42,0.8
43,1.1
44,0.5
45,1.1
46,2.2
47,0.7
48,1.2
49,1.2
50,1.2
51,1.7
52,0.9
53,0.7
54,1.2
55,1.1
56,1.2
57,1.0
58,1.3
59,0.5
60,0.3
61,1.6
62,0.9
63,0.2
64,0.7
65,0.8
66,1.1
67,1.1
68,0.8
69,0.4
70,0.4
71,1.1
72,1.4
73,1.2
74,0.9
75,0.8
76,0.3
77,1.5
78,0.5
79,1.0
80,0.4
81,1.7
82,1.0
83,0.9
84,1.2
85,0.8
86,0.8
87,0.8
88,1.0
89,0.8
90,1.5
91,0.8
92,1.3
93,1.0
94,1.9
95,0.8
96,0.8
97,0.4
98,0.5
99,0.8
100,0.6
101,1.2
102,1.6
103,0.4
104,0.6
105,0.4
106,1.0
107,0.9
108,1.1
109,1.0
110,1.1
111,0.8
112,0.9
113,1.1
114,0.7
115,1.0
116,0.8
117,0.8
118,1.1
119,0.8
120,1.1
121,0.7
122,0.9
123,1.0
124,1.1
125,1.3
126,0.4
127,1.1
128,1.0
129,1.2
130,0.6
131,0.5
132,0.8
133,1.1
134,1.0
135,0.7
136,0.5
137,0.2
138,1.3
139,1.1
140,1.2
141,1.3
142,0.5
143,0.9
144,0.5
145,0.8
146,0.8
147,1.2
148,0.3
149,1.3
150,0.8
151,1.1
152,0.7
153,0.9
154,1.0
155,1.0
156,0.6
157,0.9
158,0.5
159,0.9
160,0.6
161,0.6
162,0.9
163,1.2
164,0.8
165,1.4
166,2.0
167,0.9
168,1.1
169,0.9
170,0.6
171,0.6
172,0.3
173,1.0
174,0.3
175,0.4
176,1.3
177,1.1
178,0.7
179,1.2
180,0.6
181,0.6
182,1.2
183,1.6
184,0.5
185,0.4
186,0.9
187,0.9
188,1.2
189,0.7
190,0.7
191,0.8
192,0.6
193,1.1
194,0.7
195,1.2
196,0.5
197,0.4
198,1.1
199,1.1
200,0.5
