Episode,Total Reward
1,117.0
2,80.0
3,66.0
4,82.0
5,146.0
6,96.0
7,118.0
8,100.0
9,90.0
10,76.0
11,129.0
12,100.0
13,90.0
14,120.0
15,126.0
16,161.0
17,150.0
18,104.0
19,92.0
20,92.0
21,217.0
22,132.0
23,182.0
24,149.0
25,174.0
26,128.0
27,88.0
28,108.0
29,110.0
30,130.0
31,104.0
32,183.0
33,138.0
34,137.0
35,142.0
36,64.0
37,204.0
38,195.0
39,171.0
40,149.0
41,194.0
42,207.0
43,197.0
44,156.0
45,134.0
46,113.0
47,80.0
48,164.0
49,167.0
50,94.0
51,98.0
52,128.0
53,148.0
54,111.0
55,178.0
56,169.0
57,168.0
58,159.0
59,149.0
60,244.0
61,152.0
62,138.0
63,350.0
64,154.0
65,246.0
66,124.0
67,195.0
68,203.0
69,142.0
70,262.0
71,159.0
72,254.0
73,249.0
74,259.0
75,262.0
76,188.0
77,243.0
78,110.0
79,286.0
80,268.0
81,114.0
82,119.0
83,128.0
84,301.0
85,195.0
86,193.0
87,248.0
88,248.0
89,210.0
90,145.0
91,372.0
92,210.0
93,485.0
94,325.0
95,264.0
96,315.0
97,254.0
98,361.0
99,268.0
100,449.0
101,334.0
102,151.0
103,238.0
104,195.0
105,167.0
106,292.0
107,189.0
108,504.0
109,422.0
110,430.0
111,534.0
112,240.0
113,201.0
114,223.0
115,364.0
116,296.0
117,141.0
118,300.0
119,240.0
120,504.0
121,214.0
122,344.0
123,245.0
124,271.0
125,262.0
126,201.0
127,287.0
128,277.0
129,249.0
130,286.0
131,306.0
132,261.0
133,363.0
134,383.0
135,244.0
136,427.0
137,276.0
138,144.0
139,437.0
140,304.0
141,201.0
142,280.0
143,406.0
144,308.0
145,505.0
146,322.0
147,177.0
148,194.0
149,146.0
150,278.0
151,271.0
152,312.0
153,570.0
154,554.0
155,242.0
156,241.0
157,302.0
158,614.0
159,453.0
160,218.0
161,281.0
162,281.0
163,253.0
164,423.0
165,449.0
166,423.0
167,209.0
168,378.0
169,270.0
170,720.0
171,619.0
172,295.0
173,458.0
174,311.0
175,327.0
176,373.0
177,224.0
178,230.0
179,239.0
180,449.0
181,258.0
182,322.0
183,271.0
184,231.0
185,223.0
186,461.0
187,191.0
188,262.0
189,331.0
190,430.0
191,332.0
192,211.0
193,259.0
194,102.0
195,165.0
196,244.0
197,183.0
198,366.0
199,258.0
200,474.0
201,218.0
202,281.0
203,175.0
204,289.0
205,222.0
206,340.0
207,633.0
208,402.0
209,230.0
210,433.0
211,622.0
212,326.0
213,250.0
214,305.0
215,345.0
216,251.0
217,176.0
218,202.0
219,488.0
220,216.0
221,188.0
222,498.0
223,286.0
224,195.0
225,213.0
226,495.0
227,391.0
228,452.0
229,822.0
230,468.0
231,223.0
232,294.0
233,268.0
234,237.0
235,515.0
236,136.0
237,273.0
238,365.0
239,120.0
240,183.0
241,361.0
242,594.0
243,246.0
244,256.0
245,220.0
246,223.0
247,102.0
248,376.0
249,201.0
250,199.0
251,534.0
252,359.0
253,495.0
254,392.0
255,421.0
256,500.0
257,556.0
258,427.0
259,176.0
260,272.0
261,295.0
262,529.0
263,598.0
264,506.0
265,402.0
266,153.0
267,305.0
268,274.0
269,395.0
270,399.0
271,131.0
272,325.0
273,444.0
274,176.0
275,327.0
276,287.0
277,278.0
278,520.0
279,118.0
280,343.0
281,113.0
282,245.0
283,278.0
284,411.0
285,409.0
286,638.0
287,232.0
288,323.0
289,337.0
290,268.0
291,352.0
292,232.0
293,268.0
294,576.0
295,223.0
296,449.0
297,454.0
298,528.0
299,517.0
300,188.0
301,650.0
302,535.0
303,511.0
304,472.0
305,267.0
306,378.0
307,288.0
308,227.0
309,211.0
310,448.0
311,221.0
312,348.0
313,278.0
314,570.0
315,295.0
316,247.0
317,361.0
318,256.0
319,181.0
320,254.0
321,50.0
322,532.0
323,397.0
324,433.0
325,361.0
326,313.0
327,342.0
328,220.0
329,424.0
330,424.0
331,515.0
332,304.0
333,621.0
334,497.0
335,551.0
336,143.0
337,434.0
338,346.0
339,92.0
340,277.0
341,571.0
342,347.0
343,563.0
344,319.0
345,318.0
346,793.0
347,754.0
348,200.0
349,313.0
350,344.0
351,283.0
352,476.0
353,199.0
354,266.0
355,200.0
356,303.0
357,147.0
358,235.0
359,267.0
360,260.0
361,259.0
362,417.0
363,526.0
364,704.0
365,262.0
366,272.0
367,463.0
368,437.0
369,286.0
370,244.0
371,346.0
372,349.0
373,246.0
374,313.0
375,267.0
376,546.0
377,584.0
378,317.0
379,413.0
380,214.0
381,363.0
382,366.0
383,385.0
384,302.0
385,236.0
386,191.0
387,172.0
388,166.0
389,246.0
390,371.0
391,707.0
392,314.0
393,520.0
394,324.0
395,540.0
396,160.0
397,484.0
398,315.0
399,130.0
400,272.0
401,456.0
402,325.0
403,634.0
404,357.0
405,331.0
406,477.0
407,404.0
408,199.0
409,495.0
410,356.0
411,533.0
412,356.0
413,231.0
414,312.0
415,174.0
416,288.0
417,909.0
418,491.0
419,373.0
420,336.0
421,444.0
422,210.0
423,367.0
424,318.0
425,321.0
426,274.0
427,257.0
428,248.0
429,253.0
430,404.0
431,307.0
432,371.0
433,727.0
434,145.0
435,370.0
436,434.0
437,204.0
438,410.0
439,386.0
440,272.0
441,244.0
442,478.0
443,287.0
444,430.0
445,445.0
446,882.0
447,679.0
448,705.0
449,594.0
450,483.0
451,551.0
452,245.0
453,324.0
454,420.0
455,374.0
456,300.0
457,205.0
458,223.0
459,303.0
460,227.0
461,429.0
462,418.0
463,310.0
464,237.0
465,215.0
466,440.0
467,276.0
468,666.0
469,278.0
470,272.0
471,218.0
472,343.0
473,651.0
474,288.0
475,303.0
476,362.0
477,248.0
478,431.0
479,873.0
480,304.0
481,407.0
482,123.0
483,310.0
484,188.0
485,179.0
486,315.0
487,423.0
488,400.0
489,447.0
490,225.0
491,248.0
492,399.0
493,186.0
494,610.0
495,311.0
496,367.0
497,338.0
