Episode,Total Reward
1,102.0
2,104.0
3,126.0
4,60.0
5,103.0
6,134.0
7,112.0
8,86.0
9,128.0
10,72.0
11,82.0
12,92.0
13,78.0
14,58.0
15,74.0
16,74.0
17,64.0
18,92.0
19,56.0
20,142.0
21,84.0
22,174.0
23,141.0
24,107.0
25,94.0
26,42.0
27,209.0
28,137.0
29,320.0
30,256.0
31,204.0
32,238.0
33,336.0
34,300.0
35,401.0
36,129.0
37,411.0
38,261.0
39,510.0
40,394.0
41,164.0
42,406.0
43,446.0
44,220.0
45,333.0
46,525.0
47,339.0
48,827.0
49,213.0
50,379.0
51,426.0
52,281.0
53,585.0
54,298.0
55,936.0
56,438.0
57,400.0
58,274.0
59,903.0
60,427.0
61,349.0
62,428.0
63,1008.0
64,434.0
65,653.0
66,726.0
67,647.0
68,458.0
69,425.0
70,309.0
71,402.0
72,347.0
73,812.0
74,441.0
75,486.0
76,613.0
77,695.0
78,631.0
79,754.0
80,1274.0
81,515.0
82,711.0
83,353.0
84,817.0
85,432.0
86,701.0
87,1196.0
88,826.0
89,353.0
90,490.0
91,1002.0
92,746.0
93,1172.0
94,750.0
95,698.0
96,602.0
97,1192.0
98,886.0
99,576.0
100,720.0
101,388.0
102,502.0
103,988.0
104,698.0
105,639.0
106,680.0
107,982.0
108,615.0
109,644.0
110,1003.0
111,682.0
112,444.0
113,598.0
114,677.0
115,1116.0
116,1100.0
117,483.0
118,486.0
119,1044.0
120,753.0
121,750.0
122,562.0
123,354.0
124,513.0
125,848.0
126,721.0
127,837.0
128,535.0
129,675.0
130,1260.0
131,554.0
132,957.0
133,1052.0
134,659.0
135,1056.0
136,1021.0
137,669.0
138,660.0
139,540.0
140,508.0
141,587.0
142,775.0
143,865.0
144,385.0
145,407.0
146,788.0
147,908.0
148,647.0
149,952.0
150,380.0
151,353.0
152,614.0
153,670.0
154,842.0
155,884.0
156,625.0
157,357.0
158,672.0
159,596.0
160,883.0
161,456.0
162,932.0
163,634.0
164,548.0
165,720.0
166,419.0
167,1336.0
168,861.0
169,694.0
170,1077.0
171,630.0
172,463.0
173,1048.0
174,1161.0
175,738.0
176,516.0
177,590.0
178,484.0
179,417.0
180,412.0
181,652.0
182,843.0
183,655.0
184,957.0
185,631.0
186,700.0
187,446.0
188,292.0
189,638.0
190,558.0
191,787.0
192,776.0
193,636.0
194,594.0
195,743.0
196,386.0
197,593.0
198,623.0
199,502.0
200,362.0
201,616.0
202,343.0
203,503.0
204,929.0
205,840.0
206,659.0
207,833.0
208,716.0
209,901.0
210,672.0
211,800.0
212,999.0
213,288.0
214,858.0
215,955.0
216,733.0
217,1020.0
218,948.0
219,723.0
220,553.0
221,531.0
222,747.0
223,568.0
224,700.0
225,811.0
226,519.0
227,916.0
228,684.0
229,584.0
230,393.0
231,642.0
232,508.0
233,1276.0
234,686.0
235,385.0
236,418.0
237,219.0
238,375.0
239,976.0
240,808.0
241,512.0
242,414.0
243,862.0
244,624.0
245,568.0
246,545.0
247,731.0
248,577.0
249,399.0
250,616.0
251,454.0
252,528.0
253,432.0
254,20.0
255,654.0
256,545.0
257,494.0
258,822.0
259,678.0
260,840.0
261,1300.0
262,742.0
263,621.0
264,709.0
265,1040.0
266,783.0
267,1019.0
268,650.0
269,752.0
270,609.0
271,570.0
272,608.0
273,450.0
274,491.0
275,1244.0
276,398.0
277,302.0
278,378.0
279,586.0
280,600.0
281,556.0
282,1036.0
283,327.0
284,928.0
285,296.0
286,653.0
287,752.0
288,1116.0
289,1020.0
290,426.0
291,371.0
292,405.0
293,272.0
294,784.0
295,876.0
296,708.0
297,837.0
298,485.0
299,624.0
300,442.0
301,669.0
302,887.0
303,699.0
304,773.0
305,953.0
306,538.0
307,594.0
308,494.0
309,1003.0
310,404.0
311,790.0
312,697.0
313,375.0
314,344.0
315,890.0
316,744.0
317,600.0
318,684.0
319,725.0
320,744.0
321,804.0
322,649.0
323,538.0
324,503.0
325,846.0
326,337.0
327,632.0
328,744.0
329,784.0
330,585.0
331,554.0
332,667.0
333,824.0
334,609.0
335,479.0
336,586.0
337,762.0
338,646.0
339,728.0
340,415.0
341,599.0
342,877.0
343,783.0
344,484.0
345,721.0
346,1153.0
347,376.0
348,346.0
349,738.0
350,829.0
351,798.0
352,629.0
353,578.0
354,654.0
355,666.0
356,701.0
357,582.0
358,386.0
359,823.0
360,1209.0
361,1000.0
362,829.0
363,759.0
364,722.0
365,666.0
366,888.0
367,496.0
368,988.0
369,683.0
370,599.0
371,497.0
372,513.0
373,401.0
374,652.0
375,704.0
376,649.0
377,876.0
378,486.0
379,930.0
380,564.0
381,1380.0
382,600.0
383,1034.0
384,508.0
385,700.0
386,799.0
387,524.0
388,68.0
389,758.0
390,1002.0
391,742.0
392,292.0
393,495.0
394,913.0
395,994.0
396,423.0
397,572.0
398,673.0
399,448.0
400,407.0
