Episode,Total Reward
1,108.0
2,135.0
3,123.0
4,114.0
5,142.0
6,139.0
7,104.0
8,100.0
9,107.0
10,166.0
11,154.0
12,80.0
13,165.0
14,179.0
15,161.0
16,159.0
17,114.0
18,299.0
19,155.0
20,186.0
21,200.0
22,113.0
23,95.0
24,174.0
25,164.0
26,102.0
27,239.0
28,183.0
29,151.0
30,147.0
31,140.0
32,275.0
33,177.0
34,234.0
35,176.0
36,181.0
37,166.0
38,149.0
39,213.0
40,134.0
41,238.0
42,338.0
43,393.0
44,402.0
45,369.0
46,212.0
47,259.0
48,461.0
49,246.0
50,584.0
51,326.0
52,346.0
53,286.0
54,246.0
55,426.0
56,420.0
57,399.0
58,325.0
59,360.0
60,334.0
61,227.0
62,498.0
63,744.0
64,924.0
65,415.0
66,439.0
67,1151.0
68,606.0
69,548.0
70,501.0
71,689.0
72,405.0
73,1032.0
74,595.0
75,384.0
76,878.0
77,363.0
78,1064.0
79,624.0
80,826.0
81,851.0
82,562.0
83,671.0
84,753.0
85,447.0
86,523.0
87,518.0
88,485.0
89,665.0
90,758.0
91,793.0
92,540.0
93,785.0
94,927.0
95,229.0
96,785.0
97,1019.0
98,746.0
99,524.0
100,313.0
101,531.0
102,423.0
103,348.0
104,331.0
105,666.0
106,463.0
107,534.0
108,758.0
109,637.0
110,791.0
111,518.0
112,742.0
113,560.0
114,654.0
115,614.0
116,482.0
117,455.0
118,593.0
119,618.0
120,437.0
121,760.0
122,769.0
123,438.0
124,602.0
125,580.0
126,934.0
127,771.0
128,435.0
129,694.0
130,589.0
131,408.0
132,516.0
133,725.0
134,590.0
135,568.0
136,413.0
137,514.0
138,371.0
139,670.0
140,394.0
141,339.0
142,386.0
143,746.0
144,660.0
145,569.0
146,561.0
147,556.0
148,287.0
149,312.0
150,690.0
151,567.0
152,371.0
153,582.0
154,309.0
155,352.0
156,384.0
157,703.0
158,351.0
159,291.0
160,1417.0
161,741.0
162,561.0
163,276.0
164,750.0
165,546.0
166,452.0
167,1015.0
168,645.0
169,447.0
170,726.0
171,889.0
172,423.0
173,666.0
174,498.0
175,815.0
176,524.0
177,419.0
178,708.0
179,407.0
180,579.0
181,615.0
182,646.0
183,463.0
184,436.0
185,616.0
186,610.0
187,426.0
188,394.0
189,249.0
190,316.0
191,473.0
192,708.0
193,581.0
194,412.0
195,521.0
196,304.0
197,556.0
198,336.0
199,352.0
200,334.0
201,1018.0
202,796.0
203,830.0
204,480.0
205,721.0
206,431.0
207,727.0
208,408.0
209,596.0
210,421.0
211,555.0
212,498.0
213,509.0
214,299.0
215,478.0
216,643.0
217,343.0
218,503.0
219,860.0
220,450.0
221,465.0
222,422.0
223,284.0
224,682.0
225,780.0
226,822.0
227,489.0
228,617.0
229,711.0
230,861.0
231,640.0
232,679.0
233,804.0
234,492.0
235,489.0
236,664.0
237,952.0
238,634.0
239,779.0
240,566.0
241,750.0
242,862.0
243,344.0
244,366.0
245,557.0
246,891.0
247,706.0
248,425.0
249,648.0
250,673.0
251,507.0
252,304.0
253,544.0
254,420.0
255,751.0
256,277.0
257,438.0
258,559.0
259,351.0
260,815.0
261,341.0
262,543.0
263,787.0
264,770.0
265,624.0
266,679.0
267,711.0
268,1008.0
269,449.0
270,549.0
271,486.0
272,438.0
273,681.0
274,672.0
275,715.0
276,303.0
277,437.0
278,842.0
279,700.0
280,417.0
281,384.0
282,394.0
283,273.0
284,484.0
285,416.0
286,616.0
287,633.0
288,719.0
289,514.0
290,858.0
291,212.0
292,1179.0
293,735.0
294,637.0
295,656.0
296,628.0
297,289.0
298,342.0
299,539.0
300,404.0
301,648.0
302,739.0
303,724.0
304,656.0
305,921.0
306,630.0
307,483.0
308,676.0
309,467.0
310,458.0
311,342.0
312,820.0
313,661.0
314,400.0
315,1140.0
316,647.0
317,531.0
318,682.0
319,326.0
320,425.0
321,213.0
322,624.0
323,509.0
324,387.0
325,391.0
326,310.0
327,548.0
328,827.0
329,679.0
330,303.0
331,370.0
332,663.0
333,365.0
334,565.0
335,596.0
336,239.0
337,656.0
338,608.0
339,490.0
340,529.0
341,662.0
342,414.0
343,473.0
344,509.0
345,181.0
346,483.0
347,337.0
348,588.0
349,477.0
350,584.0
351,363.0
352,381.0
353,652.0
354,425.0
355,812.0
356,642.0
357,684.0
358,636.0
359,800.0
360,435.0
361,559.0
362,538.0
363,545.0
364,834.0
365,1293.0
366,831.0
367,280.0
368,606.0
369,796.0
370,657.0
371,599.0
372,160.0
373,460.0
374,1015.0
375,403.0
376,638.0
377,583.0
378,441.0
379,908.0
380,701.0
381,814.0
382,483.0
383,427.0
384,686.0
385,271.0
386,888.0
387,381.0
388,437.0
389,506.0
390,294.0
391,660.0
392,313.0
393,531.0
394,421.0
395,346.0
396,541.0
397,496.0
398,550.0
399,283.0
400,794.0
